13391220222
13778989888
13563218273
15935985936
13522187237
13942293777
15383688033
13909901981
13650170217
13603540068
15811800808
13597986692
15877268326
18074625599
13034422934
13207657938
13969439759
18600394676
13847639555
13722301191
13004486611
13958126506
15221567691
18999729600
15326228862
13902288778
15718877388
13666514928
13625728672
18504135206
15351880166
15909986588
13878832911
18009902126
18723256336
18349299386
15171519597
13823128303
13820267098
13131115532
13909937911
15045411125
13306308278
15099181686
13142378025
13708079709
13911259281
13564629146
13098862848
13863321267

15163229658
13486666252
15015949869
13287295586
13810673898
13327550038
13632395136
18513775166
13940953769
13808825258
13522683133
13899588446
13731544766
18097921328
13783390711
13014712421
19713955171
13937081362
18063008612
13836501447
13505931757
13398391001
13579626085
13723608533
15690868668
18037981211
13188886868
13869419348
15926871369
15288926318
15140798566
15940508527
18955683791
18789390686
15292809099
13970749909
15385857029
15843268158
13894718535
13999966818
13666671110
13540361657
13033505635
18059241377
18905883029
13739104888
13725188940
15033580621
18600580193
13893411678
18055448200
15952743477
13162725967
13863796618
13309753357
13093218106
15806592011
15639002623
13924386691
13207725042
13722168930
15663171949
13919004688
13950655996
13019157587
13505635580
18030683136
13906680401
18958366644
13807349978
13812327075
13939316466
13851185602
13921180657
13312172258
15974979000
13709126542
13995877191
13293890509
13859531471
13950855288
13596987185
13204132618
15852882240
18656206979
15296834449
13936226566
13139880666
15925324768
18369780999
13562784596
13779628222
15830572696
13666693388
13615625820
13823203456
15843906245
15932958002
18005107766
13687117270
15303887121
18909556040
18999333659
13589607186
13607754011
11301133859
13064832885
18983701366
15800581884
13517830879
15207540230
13431773271
18641380658
15350671623
18073810996
13550558035
13940344388
13767802344
18121659119
18244551062
13804723684
13704143103
13473116976
13480105591
18338325838
18768818688
13480597888
13314690333
15002764988
13667779888
13776790411
15607367685
13835897631
13555884008
13965125996
13970597101
13645714408
13734895888
13505492800
13224450911
15246519136
13065712118
13936252218
13174377438
13929829018
13933273883
18960002363
13619229794
13458267711
18953778038
13702888685
13721489866
15538909216
13975649222
13975653026
13033167332
13098436501
18975003368
13890606660
13520234064
13875139222
13911230851
13922028296
13963358968
13456861793
15876299997
18042910169
13622001607
15337427277
13694918151
18908601085
13939563556
13634131215
13959676286
13003042612
13986719579
13556355303
13451121291
15959176330
15915591189
13972192855
13666531111
13805289003
13852972008
13964407782
15139878350
13053050286
15852512398
13471065250
13937632859
13298899333
13342306188
13615155211
13706340530
18997866062
13962940305
13608662282
18745223599
15154211930
18098992356
13886151295
18906739993
18960173017
13562903440
13186161528
18907399239
13820740376
15860702752
13963238768
15921633721
13916895114
13942355623
13108181999
15099500171
13847855192
13607032213
13858706626
13517772510
15981884342
13223483004
13513180905
18913291277
13805725877
18802296387
15512121447
13126027687
13906590205
15142925634
13640240103
15250536229
15052183189
13819200624
13458178877
13756187677
13733330598
18604157778
13920094817
13505939052
13804191813
18954629925
15695094888
13756406480
15309074933
15861107106
18976012345
18603377768
13353367676
13253881661
13575888836
13965608528
13877429443
18686575588
13516045880
15298595988
13978419566
18939880929
13852705477
13297291777
13155503088
18666575885
13885100010
18906943119
13780859765
18272808698
18915710288
13867635925
13955301260
13880704372
18631110663
18258805650
18939794726
13774393786
15824648839
15814444467
15821389268
13756055527
13156530636
13011126996
13675466531
13899848181
15068082037
13671389235
13358787599
13502120459
13882807222
13917094337
13704063756
15162761668
18604479277
18986368277
18255662060
13591765677
13802512159
13907322398
13136696767
15858881966
15573503888
13616987837
13587157888
13708352999
13940744981
13297701080
13930974460
15956352255
13924171865
13578994416
13961355699
15827012616
18551614090
15910626999
13032281121
13903340005
13132039886
13841275288
13559079777
13691056274
13910809937
15944464449
13926517722
13916928187
13656908088
18635691991
13329969585
13901893202
13818529524
13362373829
15539132387
13998087348
13600681922
13715781308
13177335098
13001065845
13504780798
18722239656
18649073839
13381598848
13881830806
15874609919
18905167683
13869600999
15110186188
13572217666
15210188488
18903968155
13689797776
13275126266
18392529111
13009467778
13888542954
13500909538
18602666818
13501376946
13612827566
18651785665
13720202521
15810142333
15305691705
13630808860
13833519377
13388180846
13801170846
13584801337
15948346732
13951744228
13267061888
15040998911
13803862035
13972139121
13761007326
13956644926
13592859718
13901211187
13866188868
15910876999
13589958090
18915512503
15690915220
13995206173
13708846343
13653799299
13828798008
13611997102
13994406358
13692222926
13102188088
15909841155
13972028776
15093518372
18170673658
13636583358
18009263136
13940413688
13865156508
13803588939
13682079268
13020028208
13831218171
15398238886
13501683037
13062005111
15291890999
15827518575
18263502297
13669914835
13938250360
13813958355
18063608868
13942394054
15059766567
15932255388
13837600018
13908685719
13801933618
13631678194
15943900215
18929922935
18209476083
13516084318
15045717800
18676258797
13929725133
18622930582
13611190888
13811724367
13674612434
13118828088
13011611546
15668605870
13402139442
13798040806
13883167196
13883851204
15692235782
15912490626
13907376773
18003810556
13633711178
13203840540
13972100036
13810197095
13479694237
15811221542
13711167999
13933191978
13837773796
13467011160
13012525786
13641270354
13627111858
18112741559
13301972215
15871366898
18186819066
13911124206
13505881791
13373501777
17793315616
13998577973
13962062592
13902405863
15547365353
13463925101
15358829888
13355430152
15503717851
13770770777
13946070926
13818024321
11394266181
13845072917
13654990253
13180942356
18609532123
18210580198
18503806718
18910261727
18909492365
18872870189
15003517669
15891510842
18635033068
18516302807
13424397051
18622989218
13895186792
13752576128
18969009983
13767989918
13807590781
13905499325
13907921882
15762934566
13143403112
18842201007
15045711177
18986301222
13223296366
13406615198
13606455843
18930171067
13328154150
13677554688
18973317844
13511566955
13709623148
18965270113
13519486603
13850546437
15257607158
18574325292
13831926477
13757777592
13122821000
13858878669
18600213865
13603501820
13430034567
13568635008
15885222444
15877269708
13931739687
13791418266
13907085202
13986849603
13688871221
13907691373
13578845556
15243050009
18931971862
13898175459
13463295126
13850280676
13832507750
13053278358
13488755020
15963795638
18931879898
15165365069
13803708870
13567712248
13572103523
13389246326
13905072080
18680551988
13902599563
13459580900
13759418777
13888096266
15350236309
15593580885
13904210903
13817399990
15097078858
13858615358
15568498222
18982695568
13934905000
13780946467
18213659812
18937939150
13906504450
18690300122
13775586017
15188027759
15546089321
18221136107
15930707887
13821188005
15721582060
15342717488
18999618785
15255472899
18853996261
13066530618
18137534111
18009916834
13515460699
13973416495
15933389846
13707737788
13628029109
13726152999
13955124848
13013997135
13979928287
13597498698
15145052966
13579029538
15955768496
13325791941
13455654818
13609789146
18297139772
13153104785
13892851267
13309937789
15009900889
13579501658
13716707279
18709906639
13734522288
15974826639
15027688865
13689967222
13325681199
15268661567
13095100831
13736610492
18709906816
13333465111
13986309337
13895673589
13404588038
18093511886
15945774588
13893229293
13514369816
18699441328
15913151680
13403738555
13840180845
15003534388
15276528900
13364815546
13970557317
13700418115
18739621857
13941033656
13891783033
18971119513
13616775789
13802339593
18823089218
13840079268
13060029999
13333568636
15642398765
13966677730
15966694627
13583127170
13803332613
15304166481
15528977999
13955442166
13990928565
13831416669
13507713067
13031865508
15636161114
13856275807
13671255128
13751711328
13322106888
18682143916
13907328660
13503951367
15904332789
13502622244
13483511009
13507727500
18253380390
13954370868
18953035987
13305581577
18705373691
18411531280
15616168883
13901281829
13973352772
13754718839
18039877150
13301638033
13512678883
13510422419
18309864022
13069872927
13039152289
13805578639
13943816679
13821668970
13131207858
13806165828
13970869993
13904981755
15837597378
18006699888
18950120211
13682086380
13305167676
13936191190
13824805366
13834456886
13705616868
15922733643
13886460892
13942457939
13562904912
15252821812
13968099607
18699033506
15036501116
13909515366
15038215021
15835920001
13122145676
15950525218
13704165615
18235238989
15981904813
13905958355
15100955108
13932077989
15041975018
18739159518
13607887877
15665855109
13307358088
15133953105
18915197310
18573419208
18943619906
15151827777
18955288002
13585756626
13756179813
13583710186
13914611378
13949411157
13180914902
13833828381
13779088126
18844293682
15961993138
13162461681
15107128608
18088638718
13812745990
13671225828
13033726718
15857219608
13170008186
15137497776
15184555118
13966762384
13689996618
13957961998
13807219506
13884386606
15067290393
13705472702
18599200320
13704027407
13073771531
13549088513
13903523705
15810717800
13304137377
15360285788
13504732718
15197135789
13955182700
15238076017
15911648909
13094845488
18973219929
18841219470
15801153321
13953062998
13599379907
18902701908
13032563835
13013728711
13640484088
15964455200
18635492617
13565198561
13930924280
13826596811
13920117312
18925968740
13951928642
15835524619
15806116911
13603871111
13365113108
18894456810
15675287396
13092462878
13908200714
13351167159
13788172338
12788218768
13368763555
13561083033
18183421650
15827551234
15865686859
13915050033
15638586467
13936996380
13981383390
13733180496
15221842188
15878633180
18293013389
15915597170
13878875389
13808893464
13985140410
15832707375
13368721846
18881817776
15183557537
13034308234
15915999680
13979907750
13725624614
13909789519
13971316971
18057201888
13407739985
13339977221
13956397777
13663792121
13907451707
18155787908
13832946987
13070099568
18620343339
13291125619
15833028105
18637130240
15165898630
13841234100
13011044713
15928295999
13911412455
13951476061
13660875637
13913047191
13622335888
13899862358
15944980001
13645391600
15081090506
15510730095
13673130086
18639300199
13960907955
18679418117
13588149102
18393444381
18784277300
15979052950
18093033286
13271780768
13607445937
18647215861
15051185138
18097609301
13331258881
13433667100
13722299585
13523583708
15862229222
18588268835
13002477929
13536847235
15327324540
15698791718
13725000019
13832635556
13555613868
13825377068
18611015519
13711355620
15383702844
15093688289
13875206422
18991598222
15141662252
15092266759
13773966657
13370917899
13504912863
15390801799
15033359097
18036622118
15113585931
13545676680
15379908309
13969496728
18128376395
18993771888
18751338279
13203711396
13432350180
18561321926
13831657806
13644331567
18971985663
15124255222
18645410133
15855705766
18865072110
13898358285
13966059010
13536855333
13766680305
13605566700
18860369539
18902789433
13908266189
13588586657
15952029632
18924846672
18921365063
13933072050
15040508182
15167570329
18042917627
13432508888
15080809278
15612943038
18535192278
13313370565
13602781439
15808176999
18809511808
13966980176
15998628300
15131762738
13846780792
13102670599
13596701293
13657237976
13365264186
13368666331
18979709162
13112316194
15587797789
13920539102
13919333328
18062262928
13973378000
17717705600
13605611089
15244483086
13541732479
13955417910
13910321958
13546710831
18297517268
13889621466
13637282252
13823242968
15180360826
18745233330
13906622440
13998945699
13702266889
13996667047
13396040103
13702919022
13505467369
18985365368
15975282388
13886570292
13152025338
18647513307
18636059033
13935553876
13977636685
15693701611
13520338283
13329760999
13583779309
13937975892
13804211782
13973230125
13566402233
13186138571
18930778227
15531611555
18904470788
18680878410
18715825173
13789137286
18670603166
13575035755
18246078918
13699355598
15936259955
13039265995
15884926867
13339868596
18156581963
15577636136
13788121236
13912416638
13785126929
13666719810
15008035888
13593720303
18934661303
13323668181
13687869888
15379559285
13951881905
13545328656
13898616233
13960093192
13517090758
13193454804
15825830570
15827456810
15866628110
18600837185
13014192867
18317585888
13936535675
18899769711
15377798052
18071287968
13333191358
13585091865
18982110647
18648226818
13943574086
13154071010
15302607000
18246879892
13050030509
13510114261
13592953988
13966617997
13376547032
15842352268
15524608528
13509862162
13905370122
13199872369
13002178343
13835333177
18906888948
18175427668
18851597888
18938027186
13384691388
15342580019
13822322577
13940905673
13709279137
18663505068
13914726591
13839087169
13905228127
13820257919
13613796752
15943258880
18339852970
13984268333
13845101180
13013228057
13032787722
13136780505
15570105888
18972363319
15122316358
13658095649
13973643972
13337367633
13336255697
13349591346
13574291797
13039119300
13405523510
13050486016
15704766006
18825110788
13605064030
13066550321
13716550655
13683330333
18660132990
15907212777
18992573939
13604066796
13786965521
13808012259
13809916938
13893195982
15006352205
13892023333
13843867443
13973731925
13321458108
15046924178
13926011125
13122487271
13546434872
13851351997
13408396834
18987887028
13595188808
13591386251
15395499137
15973935599
13903330202
15873208585
13936271688
14313936317
13579767961
13519381175
13986422289
18607217696
13703109102
13952288848
15018800025
13974624669
13872298111
18733773816
13789783306
18870210176
13158835973
13907741523
15945906440
15684207386
15537383099
13979260878
13948989298
13783010965
13542855553
13699203053
15999390091
18179718333
15907089322
18810267615
13420212321
15005616020
13852069580
13353077177
15872311555
15982291976
13797126799
15081515171
18732587959
13993641233
13705478167
13461766988
13388038730
13157191500
18982555035
15062923252
15139203122
18260387881
15096255248
13483366565
13080223428
13171237736
13644838123
13807101227
15947373768
13640137265
13873506699
15996023488
18569106265
13113053276
13019830327
13970547374
13605397376
13082288200
13864493298
13605615366
18889808838
13942662989
18504373923
13922820052
13332066001
13322117271
13002443833
15591705368
13925099091
18519095298
15327317325
13262668816
15305467555
18913532750
13065442318
15080815588
13807406602
13989280089
13937798366
15228331593
13841215988
15255202788
13143827033
13998675606
13502024999
13879024695
13943811313
13856277232
13843202998
13337999168
13704144484
13273687756
15932196163
13089710773
13998845260
13857400127
13904604626
13151508691
15995123898
13502928285
15886448699
13808463852
13947226638
18604294290
13363313123
13088795839
13803947887
18043703391
15204820789
18645397567
13775078885
18959563223
13840120681
15848212251
13969945289
13707719517
18959398355
13101517853
13682781050
13109660716
13839224485
13843766888
13838457547
13941257553
13880978639
18902887988
13955200785
13903822356
13042641698
13596207081
18531559896
17803299272
15165133116
13945198887
13051832062
15143128546
18608606126
13807997619
18607982284
15819007838
13515389108
18811747889
13844082524
13071245555
15145203040
13944417036
13921199079
13002203959
15870766166
15879243711
13133925316
13893380055
13833816158
13657723822
18653340708
13832191698
13366126205
13298863999
15030077068
15816895900
13189985678
13085061296
18090846800
18971643470
13269714765
13732840067
13945593861
18632703667
13569317052
15153995407
13673285533
13356712899
15632579258
13506982703
18707778774
13214952338
13579400436
13052038018
13956027038
13985058238
15155050202
13524885544
18038078638
13703781658
18555555528
13512666236
13723418789
18068861778
13650803033
15938025222
18978445826
18136658730
13004653773
15697886663
13599450558
13545903852
13366601113
13919233199
13831251072
13577264959
13515439932
13802148527
15380131967
13303442911
13011475555
13831417808
18003529399
18637208957
13472520112
13188666139
15907138385
13598933870
13874338358
13965061276
18199209818
13916582662
13842065500
15604681144
13504553456
13505066684
18704651618
13933773272
13180683388
18685467882
13041681993
15383206708
13978624805
15146068391
13307795000
13875335598
13559056689
15996567633
15094492082
13343510788
13905815959
13009714495
18991600865
15135226673
13035081836
13069236562
13905993040
18038909908
13920503631
13683200506
13255332022
18175335988
13904995662
18020865015
13072929361
18990661164
15129167966
13292266599
13019357290
13323335590
13998525257
13837463462
13136741555
13133363331
15904578997
13586538407
13907323878
13841851314
13635811636
13782719620
18695141311
13310881588
18805134467
18326671630
13803978011
13156898661
18296716789
13918069736
13808035180
18762642298
18809726688
15104535075
13637154695
13508102737
13986815544
18561848465
13132001376
18979726495
13877354495
15852259018
13879872058
13822970322
13909479902
13347340918
13946662958
13917797926
13686765786
13514737818
15817926764
13613228506
15843136623
18554311777
15242222212
15662936688
18636921783
13504042127
13700036575
13689891867
13159751666
13607485734
13809935038
15871179558
13889715889
15970115889
13673628100
15283806059
18903612883
13707334602
13604521192
13627571981
13972691120
18582195082
13803573870
13543497780
13920768003
15927983632
13894080881
18230305612
15153014156
18647181913
13962378768
13785532397
15528788800
13766682935
13733667272
13022612899
13978230863
13929740230
13304711231
18638721136
12331365355
15921527555
18515601666
15327420278
13400953999
18359536000
13946686776
13846925847
13201331088
13204575777
13706071312
13761709092
13844218546
15959257867
13531839839
13945502597
13315055659
13909463205
13691339544
18605340031
18323749825
13884950358
18012636281
15979732866
13992201855
13993680788
13807561275
13019687888
15305108885
18993305409
13873250115
13762228050
15344475769
15946004577
13852499280
13780497557
13593205105
19891393426
13131133588
18317058323
13030470626
15104334227
13433314383
13654726999
15504268968
13909632347
13580089663
15935998059
13170453211
13706456437
15776803816
13615532476
13040643534
13803446281
13576459473
13840033534
13627338311
13514236900
15122132626
13935105445
15610107687
13793779889
13965046588
15365774358
18978028385
13037217891
13874517080
13970782812
15143968700
18345122591
15039215557
13993192349
13757680677
13602012358
13978439313
13899099005
13785955510
13941493508
15070189896
13811599506
18653068001
13085394198
13319263586
15829800285
13873633112
15851195993
18251501819
18158959918
13894544887
13923236345
15844996969
13658886016
13370993866
13585824247
13567039036
13661687874
15061227110
15190655788
18959689297
13273861141
13850837070
13907868685
13971485547
13910061888
15276503688
13459210842
13478807876
13505338577
13831603228
13475403444
13014067909
13803020202
13130059949
13977309703
15094700600
13731669917
13889893618
15906385568
13235302121
13125299955
13134553098
13600710526
13370073297
13796989555
13871065539
18912961115
13807992386
13607483909
15291958523
13564281627
13009075577
13052789435
13669355275
13972585812
13998379342
13692953189
18956258618
13252800328
13407651030
13103582007
13185587777
15099453966
13803726167
15522889635
18141135398
15080723768
13894969342
13783005116
13871707068
13771988169
13944616446
18671771388
18653507978
18332384356
13842527575
18736311613
13237678870
15846771927
13405452730
13875124033
18977437187
13333733378
18066622976
13361361367
13196161268
13007376788
15241223369
13626750974
13621188628
13649565683
13803041898
13966987442
13811051929
13604833585
13364443366
13715778456
13603374775
13865996184
18073483159
13707908825
13804651966
13975952999
15941372452
15865396918
13885622637
13557807030
15151282650
13895617300
15641691040
13802094351
13554499982
15911928788
13236611927
13935285396
13661308999
13153276868
15952497199
13807970758
18885065770
18352853596
13713256854
